#YAML:1.0
---
image_width: 640
image_height: 480
camera_matrix: 
   rows: 3
   cols: 3
   dt: d
   data: [ 6.4367706296746178e+002, 0., 3.1163816392087517e+002, 0.,
       6.4324331025844515e+002, 2.3184788479005914e+002, 0., 0., 1. ]
distortion_coefficients:
   rows: 1
   cols: 5
   dt: d
   data: [ 3.7854614196904134e-002, -1.1588227797155244e-001,
       3.8570993367136893e-004, -1.8685642426850119e-003,
       -1.6013598575021867e-002 ]
