image_width: 640
image_height: 480
camera_matrix:
   rows: 3
   cols: 3
   dt: d
   data: [ 5.9596203089288861e+002, 0., 3.1953140232090112e+002, 0.,
       5.9780697114621512e+002, 2.6188803044119754e+002, 0., 0., 1. ]
distortion_coefficients:
   rows: 1
   cols: 5
   dt: d
   data: [ 9.1321242540163897e-002, -5.0437389126433452e-001,
       1.3350522437779807e-002, -6.7648029731165000e-003,
       5.7798259452970357e-001 ]
