#YAML:1.0
---
image_width: 640
image_height: 480
camera_matrix: 
   rows: 3
   cols: 3
   dt: d
   data: [ 6.4010178800341407e+002, 0., 3.1136703497466402e+002, 0.,
       6.3996690083339115e+002, 2.2951049659797093e+002, 0., 0., 1. ]
distortion_coefficients: 
   rows: 1
   cols: 5
   dt: d
   data: [ 3.0785010935927313e-002, -7.9510136964758879e-002,
       -5.6085449213106849e-004, -1.2823128390371424e-003,
       -1.3409421019803203e-001 ]
